A---
  0  0  0  0  0  0  0  0
  0  3  6 17 15 13 15  0
  0  6 12  9  1  2  7  0
  0 10 19  3  6  0  6  0
  0 12 16 11  8  7  9  0
  0  2 10  2  3  7 15  0
  0  9  2  2 18  9  7  0
  0  0  0  0  0  0  0  0
GRID 2
  0  0  0  0  0  0  0  0
  0  0  0  0  0  0  0  0
  0  0  0  0  0  0  0  0
  0  0  0  0  0  0  0  0
  0  0  0  0  0  0  0  0
  0  0  0  0  0  0  0  0
  0  0  0  0  0  0  0  0
  0  0  0  0  0  0  0  0


B---
  0  0  0  0  0  0  0  0
  0  6  3  0 12 10 18  0
  0  3  9  6  0  0 10  0
  0  7 16  0  9  3  9  0
  0  9 13  8 11  4 12  0
  0  0  7  0  0  4 12  0
  0 12  5  5 21  6 10  0
  0  0  0  0  0  0  0  0


B---
  0  0  0  0  0  0  0  0
  0  9  6  0 15  0 21  0
  0  6  0  3  0  0  0  0
  0  4 13  0 12  0 12  0
  0  6  0  5 14  1 15  0
  0  3  4  0  0  0 15  0
  0 15  8  8 24  3 13  0
  0  0  0  0  0  0  0  0


B---
  0  0  0  0  0  0  0  0
  0 12  9  3 18  3 24  0
  0  9  3  6  0  0  3  0
  0  7 16  3 15  0 15  0
  0  0  3  8 17  0 18  0
  0  6  7  0  0  0 18  0
  0  0 11 11 27  0 16  0
  0  0  0  0  0  0  0  0


B---
  0  0  0  0  0  0  0  0
  0 15 12  6  0  6  0  0
  0  6  0  3  3  0  6  0
  0 10 13  0 18  0 18  0
  0  3  0  5 20  0 15  0
  0  9 10  0  0  0 15  0
  0  3 14  8 30  0 19  0
  0  0  0  0  0  0  0  0


B---
  0  0  0  0  0  0  0  0
  0 18 15  9  3  9  3  0
  0  3  0  0  6  0  0  0
  0 13  0  0 21  0 21  0
  0  6  0  2 23  0 18  0
  0 12  7  0  0  0 18  0
  0  6 17  5 33  0 22  0
  0  0  0  0  0  0  0  0
