------ Gen 0 ------
  0  0  0  0  0  0  0
  0  3  6  7  5  3  0
  0  5  6  2  9  1  0
  0  2  7  0  9  3  0
  0  6  0  6  2  6  0
  0  1  8  7  9  2  0
  0  0  0  0  0  0  0

----- Gen 1 -----
  0  0  0  0  0  0  0
  0  0  9 10  8  6  0
  0  8  9  0 12  0  0
  0  5 10  3 12  0  0
  0  9  3  9  5  9  0
  0  4 11 10 12  5  0
  0  0  0  0  0  0  0

----- Gen 2 -----
  0  0  0  0  0  0  0
  0  3 12 13 11  9  0
  0 11  6  0  9  3  0
  0  8  7  0  0  3  0
  0 12  0  6  2 12  0
  0  7 14  0  0  8  0
  0  0  0  0  0  0  0

----- Gen 3 -----
  0  0  0  0  0  0  0
  0  6 15 10 14 12  0
  0 14  0  0 12  6  0
  0 11  0  0  3  6  0
  0 15  0  9  5 15  0
  0 10 17  3  3 11  0
  0  0  0  0  0  0  0

----- Gen 4 -----
  0  0  0  0  0  0  0
  0  9 18  7 11 15  0
  0 17  0  0  9  3  0
  0  0  3  3  0  9  0
  0 12  0  0  2 18  0
  0 13 14  6  6 14  0
  0  0  0  0  0  0  0

----- Gen 5 -----
  0  0  0  0  0  0  0
  0 12 15 10 14 18  0
  0 20  0  0  6  6  0
  0  3  6  6  3 12  0
  0 15  0  3  0 21  0
  0 16 17  9  9  0  0
  0  0  0  0  0  0  0

----- Gen 6 -----
  0  0  0  0  0  0  0
  0 15 12 13 11 21  0
  0 17  0  0  3  3  0
  0  6  3  9  0 15  0
  0 12  0  0  0 24  0
  0 19  0 12 12  0  0
  0  0  0  0  0  0  0

----- Gen 7 -----
  0  0  0  0  0  0  0
  0 18  9 16  8 24  0
  0 14  0  0  0  0  0
  0  9  6 12  0 18  0
  0  0  0  3  0 21  0
  0 22  3 15 15  3  0
  0  0  0  0  0  0  0

----- Gen 8 -----
  0  0  0  0  0  0  0
  0 21  6 19 11 27  0
  0 11  0  0  0  0  0
  0 12  9 15  0 21  0
  0  0  0  0  0 18  0
  0 25  6 18 12  6  0
  0  0  0  0  0  0  0

----- Gen 9 -----
  0  0  0  0  0  0  0
  0 24  3 22  8 30  0
  0  8  0  0  0  0  0
  0 15 12 18  0 24  0
  0  0  0  0  0 15  0
  0 28  9 21  9  9  0
  0  0  0  0  0  0  0

----- Gen 10 -----
  0  0  0  0  0  0  0
  0 27  0 25  0 33  0
  0  5  0  0  0  0  0
  0 18  9  0  0 27  0
  0  0  0  0  0 12  0
  0 31  6 24  6 12  0
  0  0  0  0  0  0  0

----- Gen 11 -----
  0  0  0  0  0  0  0
  0 30  0 28  0 36  0
  0  2  0  3  0  0  0
  0 21 12  3  3 30  0
  0  0  0  3  0  9  0
  0 34  3 27  3  0  0
  0  0  0  0  0  0  0

----- Gen 12 -----
  0  0  0  0  0  0  0
  0 33  0 31  0 39  0
  0  0  0  6  0  0  0
  0 24 15  6  0 33  0
  0  0  0  0  0 12  0
  0 37  0 30  6  3  0
  0  0  0  0  0  0  0

----- Gen 13 -----
  0  0  0  0  0  0  0
  0 36  0 34  0 42  0
  0  0  0  3  0  0  0
  0 27 12  9  0 36  0
  0  0  0  0  0  9  0
  0 40  0 33  3  6  0
  0  0  0  0  0  0  0

----- Gen 14 -----
  0  0  0  0  0  0  0
  0 39  0 37  0 45  0
  0  0  0  0  0  0  0
  0 30  9 12  0 39  0
  0  0  0  0  0  6  0
  0  0  0 36  0  9  0
  0  0  0  0  0  0  0

----- Gen 15 -----
  0  0  0  0  0  0  0
  0 42  0 40  0 48  0
  0  0  0  0  0  0  0
  0 33  6 15  0 42  0
  0  3  0  0  0  3  0
  0  0  3 39  0 12  0
  0  0  0  0  0  0  0

----- Gen 16 -----
  0  0  0  0  0  0  0
  0 45  0  0  0 51  0
  0  0  0  0  0  0  0
  0 36  3 18  0 45  0
  0  6  0  0  0  0  0
  0  3  6 42  0 15  0
  0  0  0  0  0  0  0

----- Gen 17 -----
  0  0  0  0  0  0  0
  0 48  3  0  0 48  0
  0  0  0  3  0  0  0
  0 39  0 21  0 48  0
  0  3  0  0  0  0  0
  0  6  3 45  0 18  0
  0  0  0  0  0  0  0

----- Gen 18 -----
  0  0  0  0  0  0  0
  0 45  0  3  0 51  0
  0  0  0  6  0  0  0
  0 42  0 24  0 51  0
  0  0  0  0  0  0  0
  0  9  0 48  0 21  0
  0  0  0  0  0  0  0

----- Gen 19 -----
  0  0  0  0  0  0  0
  0 48  0  6  0 48  0
  0  0  0  9  0  0  0
  0 45  0  0  0 48  0
  0  0  0  0  0  0  0
  0 12  0 51  0 24  0
  0  0  0  0  0  0  0

----- Gen 20 -----
  0  0  0  0  0  0  0
  0 51  0  9  0 51  0
  0  0  0 12  0  0  0
  0 48  0  3  0 51  0
  0  0  0  0  0  0  0
  0 15  0 48  0 27  0
  0  0  0  0  0  0  0

----- Gen 21 -----
  0  0  0  0  0  0  0
  0 48  0 12  0 48  0
  0  0  0 15  0  0  0
  0 51  0  6  0 48  0
  0  0  0  0  0  0  0
  0 18  0 51  0 30  0
  0  0  0  0  0  0  0

----- Gen 22 -----
  0  0  0  0  0  0  0
  0 51  0 15  0 51  0
  0  0  0 18  0  0  0
  0 48  0  9  0 51  0
  0  0  0  0  0  0  0
  0 21  0 48  0  0  0
  0  0  0  0  0  0  0

----- Gen 23 -----
  0  0  0  0  0  0  0
  0 48  0 18  0 48  0
  0  0  0 21  0  0  0
  0 51  0 12  0 48  0
  0  0  0  0  0  0  0
  0 24  0 51  3  0  0
  0  0  0  0  0  0  0

----- Gen 24 -----
  0  0  0  0  0  0  0
  0 51  0 21  0 51  0
  0  0  0 18  0  0  0
  0 48  0 15  0 51  0
  0  0  0  0  0  0  0
  0 27  0 48  0  3  0
  0  0  0  0  0  0  0

----- Gen 25 -----
  0  0  0  0  0  0  0
  0 48  0 24  0 48  0
  0  0  1 15  1  0  0
  0 51  0 18  0 48  0
  0  0  0  0  0  0  0
  0 30  0 51  0  6  0
  0  0  0  0  0  0  0

----- Gen 26 -----
  0  0  0  0  0  0  0
  0 51  0 27  0 51  0
  0  0  1 12  1  0  0
  0 48  0 21  0 51  0
  0  0  0  0  0  0  0
  0  0  0 48  0  9  0
  0  0  0  0  0  0  0

----- Gen 27 -----
  0  0  0  0  0  0  0
  0 48  0 30  0 48  0
  0  0  0  9  1  0  0
  0 51  0 24  0 48  0
  0  3  0  0  0  0  0
  0  0  3 51  0 12  0
  0  0  0  0  0  0  0

----- Gen 28 -----
  0  0  0  0  0  0  0
  0 51  0  0  0 51  0
  0  0  1  6  0  0  0
  0 48  0 27  0 51  0
  0  0  0  0  0  0  0
  0  3  0 48  0 15  0
  0  0  0  0  0  0  0

----- Gen 29 -----
  0  0  0  0  0  0  0
  0 48  0  3  0 48  0
  0  0  0  9  0  0  0
  0 51  0 30  0 48  0
  0  0  0  0  0  0  0
  0  6  0 51  0 18  0
  0  0  0  0  0  0  0

----- Gen 30 -----
  0  0  0  0  0  0  0
  0 51  0  6  0 51  0
  0  0  0 12  0  0  0
  0 48  0 33  0 51  0
  0  0  0  0  0  0  0
  0  9  0 48  0 21  0
  0  0  0  0  0  0  0

----- Gen 31 -----
  0  0  0  0  0  0  0
  0 48  0  9  0 48  0
  0  0  0  9  1  0  0
  0 51  0 36  0 48  0
  0  0  0  0  1  0  0
  0 12  0 51  0 24  0
  0  0  0  0  0  0  0

----- Gen 32 -----
  0  0  0  0  0  0  0
  0 51  0 12  0 51  0
  0  0  1  6  1  0  0
  0 48  0 39  0  0  0
  0  0  0  0  0  0  0
  0 15  0 48  0 27  0
  0  0  0  0  0  0  0

----- Gen 33 -----
  0  0  0  0  0  0  0
  0 48  0  0  0 48  0
  0  0  1  3  0  0  0
  0 51  0 42  3  3  0
  0  0  0  0  0  3  0
  0 18  0 51  0 30  0
  0  0  0  0  0  0  0

----- Gen 34 -----
  0  0  0  0  0  0  0
  0 51  0  3  0 51  0
  0  0  0  6  0  0  0
  0 48  0 45  0  6  0
  0  0  1  0  0  6  0
  0 21  0 48  0 33  0
  0  0  0  0  0  0  0

----- Gen 35 -----
  0  0  0  0  0  0  0
  0 48  0  6  0 48  0
  0  0  1  3  0  0  0
  0 51  0 42  0  9  0
  0  0  1  0  0  9  0
  0 24  0 51  0 36  0
  0  0  0  0  0  0  0

----- Gen 36 -----
  0  0  0  0  0  0  0
  0 51  0  0  0 51  0
  0  0  1  0  0  0  0
  0 48  0 45  0 12  0
  0  0  1  0  0  6  0
  0 27  0 48  0 39  0
  0  0  0  0  0  0  0

----- Gen 37 -----
  0  0  0  0  0  0  0
  0 48  0  3  0 48  0
  0  0  0  3  0  0  0
  0  0  0 48  0 15  0
  0  0  1  0  0  3  0
  0 30  0 51  0 42  0
  0  0  0  0  0  0  0

----- Gen 38 -----
  0  0  0  0  0  0  0
  0 51  0  6  0 51  0
  0  3  0  0  0  0  0
  0  3  0 45  0 18  0
  0  3  0  0  1  0  0
  0 33  0 48  0 45  0
  0  0  0  0  0  0  0

----- Gen 39 -----
  0  0  0  0  0  0  0
  0 48  0  9  0 48  0
  0  0  0  0  0  0  0
  0  6  0 48  0 21  0
  0  6  0  0  1  0  0
  0 36  0 51  0 48  0
  0  0  0  0  0  0  0

----- Gen 40 -----
  0  0  0  0  0  0  0
  0 51  0 12  0 51  0
  0  0  0  0  0  0  0
  0  9  0 51  0 24  0
  0  9  0  0  1  0  0
  0 39  0 48  0 51  0
  0  0  0  0  0  0  0

----- Gen 41 -----
  0  0  0  0  0  0  0
  0 48  0 15  0 48  0
  0  0  0  0  0  0  0
  0 12  0 48  0 27  0
  0  6  1  0  1  0  0
  0 42  0 51  0 48  0
  0  0  0  0  0  0  0

----- Gen 42 -----
  0  0  0  0  0  0  0
  0 51  0 18  0 51  0
  0  0  0  0  0  0  0
  0 15  0  0  0 30  0
  0  3  0  0  1  0  0
  0 45  0 48  0 51  0
  0  0  0  0  0  0  0

----- Gen 43 -----
  0  0  0  0  0  0  0
  0 48  0 21  0 48  0
  0  0  0  3  0  0  0
  0 18  3  3  3 33  0
  0  0  0  3  0  0  0
  0 48  0 51  0 48  0
  0  0  0  0  0  0  0

----- Gen 44 -----
  0  0  0  0  0  0  0
  0 51  0 24  0 51  0
  0  0  0  6  0  0  0
  0 21  0  6  6 36  0
  0  0  0  0  0  0  0
  0 51  0 48  0 51  0
  0  0  0  0  0  0  0

----- Gen 45 -----
  0  0  0  0  0  0  0
  0 48  0  0  0 48  0
  0  0  0  9  0  0  0
  0 24  3  9  3 39  0
  0  0  0  0  0  0  0
  0 48  0 51  0 48  0
  0  0  0  0  0  0  0

----- Gen 46 -----
  0  0  0  0  0  0  0
  0 51  0  3  0 51  0
  0  0  0 12  0  0  0
  0 27  6 12  0 42  0
  0  0  0  0  0  0  0
  0 51  0 48  0 51  0
  0  0  0  0  0  0  0

----- Gen 47 -----
  0  0  0  0  0  0  0
  0 48  0  6  0 48  0
  0  0  0 15  0  0  0
  0 30  3  0  0 45  0
  0  0  0  0  1  0  0
  0 48  0 51  0 48  0
  0  0  0  0  0  0  0

----- Gen 48 -----
  0  0  0  0  0  0  0
  0 51  0  9  0 51  0
  0  0  0 18  0  0  0
  0 33  6  3  0 48  0
  0  0  0  0  0  0  0
  0 51  0 48  0 51  0
  0  0  0  0  0  0  0

----- Gen 49 -----
  0  0  0  0  0  0  0
  0 48  0 12  0 48  0
  0  0  0 21  0  0  0
  0 36  0  6  0 51  0
  0  0  0  0  0  0  0
  0 48  0 51  0 48  0
  0  0  0  0  0  0  0
